nqa=25
nqp=54
nqu=85
tol=1e-12
radius=1.5
eta=1.25
depth=8
order=16
ico=3
## minimum FMM order 20
L_inf norm: 2.87776e-08
L_inf norm: 7.29907e-08
